21 22 23 1000
28 29 30 1000
34 35 36 1000
40 41 42 1000
44 22 48 2 55 8 16 7 65 63 61 1
2 60 58 40 30 6 36 35 19 18 51 25 26 37 26 49 33 24 1
12 42 66 20 10 3 56 19 21 16 23 54 55 64 51 1
55 28 21 9 8 20 34 51 40 30 65 13 58 60 23 14 37 36 52 48 42 12 1 53 7 49 6 1
21 6 13 35 39 5 15 62 19 2 59 9 60 28 44 24 18 55 30 20 56 12 48 63 64 7 47 11 54 17 33 41 31 25 14 1
37 45 15 58 51 61 56 27 6 28 3 38 69 65 8 40 13 4 32 50 41 1 22 60 2 5 10 12 18 49 19 47 1
55 33 8 57 26 68 1 40 22 70 25 10 4 15 52 1
24 11 44 51 27 17 62 48 30 36 66 39 35 28 47 33 1
48 17 44 8 60 29 67 34 28 69 43 55 33 24 21 63 49 1
8 20 30 5 37 54 67 29 48 21 50 12 55 68 31 43 23 24 45 35 39 66 36 18 61 49 1
24 29 51 44 35 27 61 26 58 18 30 15 31 22 16 45 39 1
40 9 1 62 63 38 52 65 70 51 22 14 18 26 44 48 1
36 27 60 2 65 7 12 26 33 25 44 6 45 22 50 68 13 4 37 51 55 62 69 19 1
70 49 62 1 22 3 65 9 57 67 16 23 21 66 1
44 55 4 25 17 16 68 58 11 47 5 67 69 26 34 45 1
47 61 42 24 60 51 58 62 2 59 27 64 38 34 17 63 29 39 12 54 4 68 25 57 
22 17 27 23 44 51 55 5 31 70 2 63 59 66 6 34 40 50 1
37 10 32 47 53 30 66 12 8 24 56 45 58 7 64 35 9 16 54 21 18 40 2
47 37 20 24 30 36 59 16 63 26 10 60 43 68 23 7 35 5 18 17 13 1 9 21 1
